frame 15 15
color 0 0 0
tickness 2
path 2
# фитиль
5 6.5 
5 8
# свеча
color 255 0 0
path 5
3.5 1
4 0.5
6 0.5
6.5 1
6.5 5
path 12
6.5 4.5
7 4.5
7 5
5.5 6.5
4.5 6.5
3.5 5.5
3.5 5
2.5 4
2.5 3.5
3 3.5
3.5 4
3.5 4.5
path 6
3.5 4
3.5 3.5
3 3
3 2.5
3.5 2.5
3.5 3
path 2
3.5 2.5
3.5 1
#плам€
color 255 255 0
path 8
4.5 8
5.5 8
6.5 9
6.5 9.5
5 13
3.5 9.5
3.5 9
4.5 8
#внутрений радиус свечени€
path 10
5 7.5
6.5 7.5
7.5 10
7 11.5
6 13
4 13
3 11.5
2.5 10
3.5 7.5
5 7.5
#внешний радиус свечени€
path 10
5 7
6.5 7
8.5 9
8.5 12
6.5 14
3.5 14
1.5 12
1.5 9
3.5 7
5 7
#левый лист
color 0 77 0
path 2
2.5 2
3 1.5
path 2
2.5 1.5 
2.5 2
path 2
3.5 1
2.5 1.5
path 2
1.5 0.5
1 0.5
path 2
2.5 1
1.5 0.5
path 2
3 1
2.5 1
path 2
3 0.5
3 1
path 2
3.5 0.5
3 0.5
path 2
3.5 1
3.5 0.5
path 10
1 0.5
2 1.5
0.5 1.5
1 2
2 2
1 3
1 3.5
1.5 3.5
3 2
3.5 2
#правый лист
path 24
6.5 1.5
7 2
8 2
8.5 2.5
7.5 2.5
8 3
9.5 3
10 3.5
8.5 3.5
8.5 4
10 4
9.5 4.5
8.5 4.5
9.5 5.5
9.5 6
9 6
8 5
8 6
7.5 6.5
7.5 5
7 5
7 6
6.5 6.5
6.5 5.5